196803281
2640579438
559248598
1522403894
3011053883
447346124
3242228091
1556607288
3544186237
230209799
2019260909
1146398247
821991970
1219327343
1259726018
1733014854
2124032131
2872762343
3598944534
4201530567
1910982495
1473011301
866983426
1749170474
2477779223
2286342416
2897253491
2433642836
963447336
2279269423
3296453570
2674855321
147038161
3166902530
3810575841
4174311550
1314227799
1518176375
2465742417
40416389
1815296625
2264066259
236704349
2004237570
3989301733
140878118
2731985510
3383838338
4041369680
927530127
3011664871
3791704470
4206180384
645058021
3503347889
2713837440
291300990
2532082287
2599844920
368944231
2401172818
1182342777
2208040507
2655698142
2101703540
818195626
1533438387
241900788
872839398
2194954258
3833164214
4122888517
113805173
1646604594
1511258257
1622345427
4028237012
1743144929
322761993
1920657193
3503399175
2530173079
2877435636
260779954
1929691387
1868415101
2885246374
936977169
490122518
743428182
4229381995
2853360411
929153784
645958976
3246018547
432951250
573037958
753692980
792851415
3124671832
2931601500
735451203
1299919335
3561435941
1278369265
3907479716
4102942528
1725813750
1836688275
3130077459
1846546747
3896129019
2579950843
4084725576
3989131012
1581705458
3766966478
3798998847
1382808908
1346701905
1569697553
2374874207
2433429046
569935473
1563705762
391226638
1956817573
2646586861
98048404
2669658928
1296551123
4019708510
1666445906
3994595858
2106408293
654793927
2253996337
3222265553
3593370545
849262599
459427515
1619603547
1284580084
1050325723
3933594133
1872642620
3695362041
3819159836
3479210957
247689627
12981005
3878436394
3971265403
1498342643
3750632937
3516434072
343227612
725741791
3891858164
1545556734
3741221090
3272274423
1112962312
606157052
821580190
2750359709
284869610
1043692825
1728281551
3441116051
2960433052
3821657255
1801887992
2652542957
1027991852
2630303946
3172333349
557803885
489711274
4283906155
304551117
3661779379
1388711915
537710440
3351106849
324175343
3857836301
