989
868
647
409
255
765
664
791
372
1107
851
743
576
289
779
229
912
900
700
236
998
786
293
23
969
697
617
1101
715
1067
973
1105
824
334
228
899
529
464
710
1108
542
220
927
810
695
196
729
172
439
892
44
773
556
303
1061
834
84
795
367
601
2
789
33
735
61
928
689
875
764
310
416
992
511
53
1021
881
1054
1087
873
905
826
132
540
112
316
798
349
641
1111
939
879
1097
1029
548
915
593
926
203
902
495
733
1022
447
389
959
538
937
568
1031
889
794
1058
999
364
426
747
961
986
54
523
897
148
754
1023
896
1090
1066
121
848
69
888
1042
750
103
854
944
1052
658
805
462
393
711
753
1055
526
81
363
673
525
719
952
150
727
67
50
699
189
706
951
1012
1073
722
1041
638
318
535
869
315
64
894
827
713
10
366
110
622
1043
984
799
47
119
674
942
8
970
1030
168
562
807
1088
354
1078
777
79
1068
636
718
71
14
536
125
642
89
473
661
1082
527
958
1094
558
963
191
865
512
730
1084
557
450
732
745
1110
1013
341
870
217
860
1086
380
1104
846
938
1010
767
751
948
982
797
88
421
683
816
166
357
778
1083
696
950
744
448
704
980
93
871
756
565
840
443
997
444
858
818
388
962
323
436
667
796
329
784
1000
737
932
387
539
575
783
675
855
836
933
847
1002
922
390
850
629
811
1047
619
396
1048
1025
893
1092
823
940
830
740
960
1091
853
360
534
859
907
1039
770
449
949
652
755
920
501
774
415
563
930
691
649
365
382
929
861
631
1014
903
817
394
1102
728
1059
1033
346
964
890
412
953
108
513
187
726
290
671
545
983
477
35
86
75
516
434
1069
913
956
625
1049
322
126
669
1056
821
976
533
1077
97
1060
991
591
883
723
831
891
685
1036
9
688
1071
935
333
637
1053
604
833
521
331
736
607
169
901
113
83
916
705
788
572
413
72
1080
646
693
866
731
918
486
882
1050
417
170
414
395
1093
16
787
814
175
748
43
472
95
867
547
1015
610
904
720
128
1057
803
660
592
603
742
1076
681
1103
974
968
1109
752
820
707
1007
957
573
482
105
613
895
550
996
763
692
344
131
880
1045
3
1064
251
590
85
1044
931
967
849
313
806
815
670
41
772
876
712
506
1106
1009
1095
1040
672
549
995
1046
151
994
682
60
768
972
478
717
554
874
910
1019
812
759
406
332
856
301
971
792
606
981
385
58
205
345
709
941
335
